评价指标为: accuracy
0.9128568362309508
评价指标为: micro_precision
0.9128568362309508
评价指标为: macro_precision
0.9047423229570245
评价指标为: micro_recall
0.9128568362309508
评价指标为: macro_recall
0.8930051275286037
评价指标为: report
              precision    recall  f1-score   support

           0       0.90      0.88      0.89       371
           1       0.82      0.67      0.74       233
           2       0.92      0.88      0.90       320
           3       0.97      0.95      0.96       675
           4       0.94      0.93      0.94       609
           5       0.94      0.90      0.92       511
           6       0.93      0.91      0.92       800
           7       0.78      0.94      0.85       513
           8       0.95      0.97      0.96       627

   micro avg       0.91      0.91      0.91      4659
   macro avg       0.90      0.89      0.90      4659
weighted avg       0.92      0.91      0.91      4659

