评价指标为: accuracy
0.9372205329994634
评价指标为: micro_precision
0.9372205329994634
评价指标为: macro_precision
0.9308709608090394
评价指标为: micro_recall
0.9372205329994634
评价指标为: macro_recall
0.9142475111441828
评价指标为: report
              precision    recall  f1-score   support

           3       0.88      0.94      0.91       445
           7       0.86      0.64      0.74       280
          11       0.96      0.91      0.93       385
          19       0.94      0.99      0.96       810
          31       0.96      0.97      0.96       731
          32       0.95      0.92      0.94       613
          34       0.93      0.96      0.94       960
          38       0.93      0.94      0.94       615
          39       0.97      0.96      0.96       752

   micro avg       0.94      0.94      0.94      5591
   macro avg       0.93      0.91      0.92      5591
weighted avg       0.94      0.94      0.94      5591

